V1 V2
1 5.0239
2 4.2943
3 2.7353
4 1.1851
5 1.0629
6 1.0996
7 0.8355
8 1.3517
9 1.1016
10 0.9293
11 1.2699
12 0.8951
13 0.8048
14 0.6719
15 0.7935
16 0.7602
17 0.8703
18 0.5551
19 0.6782
20 0.9917
21 0.9079
22 1.012
23 1.8964
24 1.114
25 1.7434
26 1.2741
27 1.0281
28 0.9811
29 1.6474
30 0.8093
31 0.7176
32 1.5835
33 1.2718
34 0.8466
35 1.7482
36 0.9392
37 0.9552
38 0.8791
39 1.2276
40 1.151
41 0.8826
42 1.0671
43 1.512
44 1.4099
45 1.1708
46 1.5586
47 1.6092
48 1.5834
49 1.4919
50 1.7312
51 2.2109
52 3.0548
53 3.7836
54 3.094
55 2.853
56 2.1956
57 2.5558
58 2.2136
59 1.9922
60 1.4449
61 1.2201
62 1.7158
63 1.1601
64 0.9579
65 1.24
66 2.1164
67 0.7955
68 0.9347
69 0.9648
70 1.0865
71 0.8019
72 0.9627
73 1.4838
74 0.9783
75 1.3139
76 1.5671
77 1.2196
78 1.0878
79 1.6693
80 1.7463
81 1.2795
82 1.2287
83 1.6167
84 1.8359
85 1.5545
86 1.9703
87 1.6786
88 1.0949
89 0.9334
90 0.827
91 1.0357
92 1.4652
93 1.0802
94 0.8544
95 0.9006
96 1.0828
97 1.1884
98 1.0657
99 0.9473
100 1.5721
101 0.8726
102 0.823
103 1.1499
104 0.9532
105 1.4183
106 1.3438
107 1.4497
108 2.5137
109 2.0945
110 2.6637
111 1.6074
112 2.159
113 1.321
114 1.0496
115 1.269
116 1.1195
117 1.128
118 1.3462
119 1.3357
120 2.1582
121 1.5296
122 1.8
123 1.4364
124 2.0013
125 1.5861
126 1.327
127 1.6859
128 1.2865
129 1.3094
130 2.1876
131 1.1513
132 1.0815
133 1.2621
134 1.4566
135 0.9134
136 0.9953
137 1.419
138 1.222
139 1.2511
140 1.2003
141 1.1154
142 1.3586
143 1.0837
144 1.5466
145 1.0158
146 0.8134
147 1.0585
148 1.4964
149 0.9832
150 0.8543
151 0.9482
152 1.4171
153 0.892
154 1.0965
155 1.8337
156 1.2752
157 1.5474
158 1.3441
159 2.3629
160 1.1891
161 1.701
162 2.308
163 2.1148
164 1.6842
165 1.9567
166 1.6405
167 0.9966
168 1.1667
169 0.9917
170 1.0447
171 0.7424
172 0.6772
173 1.2522
174 1.0129
175 0.7605
176 0.8941
177 1.015
178 0.8971
179 0.6471
180 0.9596
181 0.9315
182 0.8738
183 0.7029
184 0.6822
185 1.0078
186 0.7841
187 0.6705
188 0.7244
189 0.7985
190 0.8049
191 0.8054
192 0.8565
193 0.7606
194 1.0821
195 1.0498
196 1.1832
197 0.9286
198 0.8618
199 0.914
200 1.1291
201 1.3044
202 1.599
203 1.9887
204 2.1658
205 2.3278
206 3.9254
207 4.5676
208 3.2433
209 4.2799
210 3.0757
211 3.6249
212 2.1715
213 1.7405
214 2.0601
215 1.5599
216 1.6412
217 1.8356
218 1.2678
219 1.4284
220 1.7201
221 1.6124
222 1.4433
223 1.4903
224 1.1253
225 1.7783
226 0.8775
227 0.9736
228 1.4195
229 0.9212
230 0.795
231 0.808
232 1.284
233 0.9492
234 1.0954
235 0.874
236 0.9058
237 0.9291
238 0.9029
239 1.1541
240 1.4191
241 1.4256
242 1.1071
243 1.4211
244 0.8139
245 0.8076
246 1.0432
247 0.782
248 1.3102
249 0.7611
250 0.884
251 0.9281
252 0.8071
253 1.4857
254 1.3088
255 0.9967
256 0.9715
257 1.2414
258 1.0096
259 0.7402
260 0.8388
261 0.866
262 0.8788
263 0.878
264 1.4173
265 1.8047
266 1.2732
267 0.8462
268 1.1157
269 0.9698
270 1.0274
271 0.8369
272 1.6477
273 1.348
274 0.8242
275 1.1358
276 1.0563
277 1.1194
278 0.9854
279 1.0718
280 0.9965
281 1.4458
282 1.1684
283 1.0966
284 1.8727
285 1.7555
286 1.5741
287 1.6024
288 1.6785
289 2.215
290 1.6284
291 1.19
292 1.8518
293 1.7628
294 1.4136
295 1.5749
296 1.6379
297 1.7148
298 1.5393
299 1.6086
300 1.1158
301 1.3795
302 1.3127
303 1.0849
304 0.9355
305 1.5288
306 1.3463
307 1.741
308 1.6173
309 1.1755
310 0.8586
311 0.8864
312 0.7634
313 0.9986
314 0.97
315 0.7388
316 0.8256
317 1.0185
318 0.8513
319 0.8559
320 0.9245
321 1.0778
322 0.7753
323 0.6984
324 0.6372
325 0.8102
326 0.8261
327 0.7943
328 0.9898
329 1.731
330 1.2745
331 0.9751
332 0.986
333 1.7408
334 1.0264
335 1.2221
336 1.3273
337 2.1918
338 1.5918
339 1.6921
340 1.8674
341 1.5329
342 1.8971
343 1.7178
344 1.8964
345 1.4902
346 1.139
347 1.152
348 1.9196
349 1.0435
350 0.9633
351 1.3288
352 1.0196
353 1.1613
354 0.9911
355 0.9399
356 1.1381
357 1.3224
358 0.8994
359 0.9283
360 0.92
361 1.1407
362 1.1211
363 1.0981
364 1.1021
365 1.5475
366 1.545
367 1.5047
368 2.1042
369 1.5156
370 1.1996
371 1.354
372 1.3034
373 1.3579
374 1.4939
375 0.9434
376 0.8351
377 0.8833
378 0.8343
379 0.9969
380 0.9012
381 0.987
382 0.8327
383 0.9176
384 0.933
385 0.9448
386 0.8617
387 1.0316
388 1.1975
389 0.9765
390 1.0257
391 1.2064
392 1.3533
393 1.201
394 1.4122
395 1.6414
396 1.1823
397 1.0841
398 1.0742
399 1.1238
400 1.4034
401 1.9227
402 1.4011
403 1.0851
404 1.4859
405 2.0022
406 1.1344
407 1.2338
408 1.2876
409 1.4303
410 1.3321
411 1.319
412 1.5461
413 1.4863
414 1.8523
415 1.2808
416 1.4152
417 1.8362
418 1.4355
419 1.3181
420 1.2127
421 1.102
422 1.6257
423 1.1075
424 1.0638
425 0.956
426 1.0238
427 0.9762
428 1
429 1.1218
430 0.9958
431 0.9794
432 1.426
433 1.1236
434 1.0054
435 1.0759
436 1.3814
437 1.5121
438 1.6869
439 1.7091
440 2.857
441 2.3808
442 1.9475
443 2.0425
444 1.6506
445 2.0171
446 2.344
447 1.9946
448 2.2968
449 1.9514
450 1.4044
451 1.4611
452 1.7227
453 1.4585
454 1.216
455 1.6064
456 1.7556
457 1.2475
458 1.2773
459 1.9327
460 1.8743
461 1.4807
462 1.8303
463 1.9047
464 2.1991
465 2.7813
466 2.6793
467 1.9044
468 2.058
469 2.448
470 1.4878
471 2.1409
472 1.7607
473 1.3521
474 1.5397
475 2.1093
476 1.3946
477 1.2117
478 1.5323
479 1.6479
480 1.6043
481 1.7015
482 2.0676
483 2.5783
484 2.3156
485 2.4761
486 2.1026
487 2.0726
488 2.0383
489 1.9217
490 1.2839
491 1.3178
492 1.581
493 1.0763
494 1.3607
495 1.6562
496 1.2522
497 1.1555
498 0.9783
499 1.0894
500 1.0702
501 1.2788
502 1.1589
503 1.2967
504 1.33
505 1.4316
506 1.1707
507 2.0209
508 1.4064
509 2.4442
510 2.585
511 3.769
512 3.3373
513 4.0622
514 4.4861
515 5.6131
516 7.2209
517 6.5968
518 8.0951
519 8.2187
520 6.0103
521 5.8085
522 6.5684
523 6.0411
524 4.296
525 3.9352
526 2.3773
527 1.8929
528 1.3737
529 1.3174
530 1.4899
531 1.2541
532 1.6757
533 1.0647
534 1.0794
535 1.3273
536 1.162
537 0.8171
538 1.2935
539 1.4687
540 0.7676
541 0.7552
542 0.7127
543 0.7643
544 0.8412
545 0.5422
546 0.8943
547 0.6226
548 0.574
549 0.5702
550 0.7858
551 0.6792
552 0.5767
553 0.7081
554 0.8437
555 0.8213
556 1.0102
557 1.1692
558 1.7842
559 1.4993
560 1.4947
561 1.287
562 1.5732
563 1.4794
564 0.9948
565 0.9332
566 0.8377
567 0.8078
568 0.7437
569 0.704
570 0.7367
571 0.694
572 0.8024
573 1.0446
574 1.8315
575 1.6226
576 1.6574
577 0.8463
578 0.666
579 0.6967
580 0.8787
581 0.8807
582 0.8113
583 0.9961
584 1.22
585 1.0663
586 1.7288
587 1.1237
588 1.7554
589 1.4475
590 1.7303
591 1.0041
592 1.6357
593 0.8936
594 0.9881
595 0.9089
596 0.8724
597 0.9849
598 1.3623
599 1.1652
600 0.9842
601 1.4569
602 2.0194
603 1.4353
604 1.0193
605 1.5672
606 0.7987
607 0.8147
608 0.7925
609 0.6666
610 0.9802
611 0.8045
612 1.3992
613 0.8574
614 0.7582
615 0.6995
616 0.9029
617 1.0596
618 0.6932
619 0.8429
620 1.1475
621 0.8156
622 0.8612
623 1.0743
624 1.5205
625 0.8861
626 1.3484
627 1.7786
628 2.5347
629 2.5554
630 4.3316
631 2.2391
632 1.9153
633 1.8167
634 1.3274
635 1.2536
636 1.3226
637 1.2248
638 1.3483
639 1.0041
640 1.1035
641 1.6432
642 1.9805
643 2.1678
644 2.3157
645 2.3819
646 1.8323
647 1.8484
648 1.7448
649 2.2758
650 1.9778
651 1.7725
652 2.3458
653 2.5899
654 2.6189
655 1.661
656 2.3535
657 2.3813
658 1.7612
659 1.7276
660 2.4757
661 1.8629
662 2.2237
663 1.7703
664 1.4832
665 1.3221
666 1.613
667 1.2676
668 1.1675
669 1.3456
670 1.5332
671 1.0513
672 0.9738
673 1.2597
674 1.6264
675 1.0745
676 1.2652
677 1.0029
678 1.0296
679 1.5874
680 1.5407
681 0.944
682 1.4892
683 0.9097
684 1.2204
685 1.7275
686 1.0073
687 1.2498
688 1.0742
689 1.5695
690 1.2401
691 2.2623
692 2.677
693 1.5121
694 1.9417
695 1.4299
696 1.2996
697 1.8376
698 1.3939
699 1.1553
700 1.4657
701 1.4464
702 1.1813
703 1.013
704 1.0088
705 1.0015
706 1.2587
707 1.1265
708 0.8724
709 1.1283
710 0.9455
711 1.1752
712 0.8785
713 0.9645
714 0.7547
715 0.7866
716 0.9043
717 1.1211
718 1.6961
719 0.8501
720 0.8127
721 0.8982
722 1.0321
723 0.8543
724 0.916
725 1.4924
726 1.069
727 0.9793
728 0.8641
729 0.9386
730 0.7811
731 0.9169
732 0.735
733 0.7366
734 0.7316
735 0.7038
736 0.9318
737 0.8007
738 0.8116
739 0.665
740 0.7391
741 1.3276
742 1.8079
743 1.2683
744 2.4088
745 1.4849
746 1.716
747 1.0934
748 1.1793
749 0.5643
750 0.5524
751 0.8888
752 0.5697
753 0.6495
754 1.0727
755 1.3016
756 0.9296
757 0.8648
758 1.9806
759 2.1745
760 1.8177
761 2.4601
762 1.6426
763 1.4096
764 0.9166
765 0.9179
766 0.6214
767 0.7226
768 1.0154
769 1.2884
770 0.8077
771 0.7522
772 0.8304
773 0.9267
774 0.897
775 1.1515
776 1.0109
777 1.3195
778 2.2553
779 1.7728
780 1.7187
781 1.35
782 1.5565
783 1.7301
784 1.4478
785 0.9013
786 1.4442
787 0.8909
788 1.0945
789 0.9593
790 0.9328
791 0.8665
792 0.9072
793 0.8969
794 0.6828
795 1.2891
796 1.124
797 0.8583
798 0.978
799 1.0842
800 0.9429
801 0.9629
802 1.5932
803 2.2875
804 1.5174
805 1.8586
806 1.2373
807 1.0755
808 1.2631
809 1.3738
810 2.0284
811 1.7066
812 0.9342
813 1.334
814 1.9147
815 1.6605
816 1.0431
817 1.6262
818 1.874
819 2.6996
820 1.7413
821 1.1975
822 1.017
823 1.7763
824 1.974
825 1.3361
826 0.8353
827 1.092
828 1.4796
829 0.9779
830 1.2399
831 1.5329
832 1.4067
833 0.9566
834 1.3316
835 1.5356
836 1.0695
837 1.2087
838 1.6178
839 1.9374
840 1.5374
841 1.4453
842 1.0528
843 0.9671
844 0.8963
845 0.8214
846 0.7681
847 0.8014
848 1.043
849 0.8305
850 0.8608
851 1.204
852 1.3706
853 0.9974
854 0.8809
855 0.7376
856 0.8004
857 0.7872
858 0.9146
859 0.9023
860 1.1307
861 1.2681
862 1.2685
863 1.3739
864 1.2424
865 1.5556
866 1.1824
867 1.1854
868 1.0996
869 1.4812
870 0.9545
871 1.464
872 0.8608
873 0.8934
874 1.1831
875 0.8925
876 1.5346
877 1.0432
878 1.1897
879 1.396
880 1.5149
881 2.3681
882 2.248
883 1.5721
884 1.4905
885 1.6464
886 1.1907
887 1.9462
888 0.8983
889 1.4001
890 0.8656
891 1.1768
892 1.4167
893 1.0168
894 1.2024
895 1.1351
896 0.8925
897 1.2274
898 1.0098
899 0.9633
900 0.8275
901 0.7193
902 0.7651
903 1.095
904 0.8541
905 0.7127
906 0.7785
907 0.6786
908 0.7645
909 0.9577
910 1.435
911 1.9345
912 1.2181
913 1.6594
914 1.0949
915 0.815
916 0.9322
917 0.7071
918 0.6905
919 1.4699
920 0.9754
921 0.9713
922 1.1642
923 1.0715
924 0.9038
925 1.0664
926 1.9174
927 1.6735
928 1.6651
929 1.3212
930 1.4048
931 1.3112
932 1.6012
933 1.6475
934 1.87
935 1.1303
936 1.3152
937 1.395
938 1.7536
939 1.1761
940 1.0688
941 1.0772
942 1.0447
943 0.8534
944 0.9724
945 0.8813
946 0.8543
947 0.9295
948 0.7417
949 0.6868
950 0.7719
951 0.8583
952 0.6799
953 0.8163
954 0.833
955 0.7705
956 0.8133
957 1.0901
958 0.9704
959 1.1022
960 1.2606
961 2.257
962 1.805
963 2.3387
964 1.5264
965 1.3064
966 1.4927
967 1.8172
968 1.5827
969 1.5279
970 2.0592
971 2.3235
972 2.2244
973 1.5118
974 1.6044
975 1.6241
976 1.9477
977 1.6779
978 1.3553
979 1.5322
980 1.9261
981 1.4199
982 1.2068
983 1.5086
984 1.2518
985 1.2835
986 0.9853
987 0.9733
988 0.9801
989 0.8978
990 1.2274
991 1.244
992 1.1391
993 1.8316
994 1.61
995 1.049
996 1.242
997 1.4384
998 1.2936
999 1.0277
1000 1.2905
1001 1.6159
1002 1.1452
1003 1.0865
1004 1.3624
1005 1.5737
1006 1.2879
1007 1.1871
1008 1.3678
1009 1.529
1010 1.2903
1011 1.7882
1012 1.5095
1013 1.548
1014 1.6531
1015 1.8703
1016 2.2031
1017 1.9347
1018 1.7338
1019 1.8615
1020 1.9386
1021 1.8039
1022 1.8949
1023 1.3125
1024 1.5405
1025 2.263
1026 1.2937
1027 1.0034
1028 1.4311
1029 0.9203
1030 1.0001
1031 0.7636
1032 0.7036
1033 1.0429
1034 0.8686
1035 0.7117
1036 0.7002
1037 1.0664
1038 0.647
1039 0.7743
1040 0.6602
1041 0.5977
1042 0.8738
1043 0.8842
1044 0.7535
1045 0.5932
1046 0.6813
1047 0.6942
1048 0.7431
1049 0.8094
1050 0.8042
1051 0.7412
1052 0.7861
1053 1.3151
1054 0.961
1055 0.9968
1056 1.0295
1057 1.3956
1058 0.8891
1059 0.8043
1060 0.7809
1061 0.8222
1062 1.0014
1063 1.171
1064 1.0473
1065 1.379
1066 1.3292
1067 2.429
1068 1.5539
1069 2.2753
1070 1.534
1071 1.3931
1072 1.1529
1073 1.5131
1074 0.8928
1075 0.7556
1076 0.7487
1077 0.9884
1078 0.9512
1079 1.1075
1080 1.5272
1081 1.1684
1082 1.5736
1083 1.701
1084 1.7582
1085 2.2746
1086 2.3782
1087 2.0526
1088 2.9151
1089 2.4502
1090 1.5781
1091 1.1862
1092 1.0303
1093 0.8987
1094 0.9188
1095 0.9933
1096 1.1345
1097 0.6745
1098 1.0037
1099 1.0238
1100 0.7434
1101 0.6917
1102 0.6508
1103 0.7235
1104 0.6579
1105 0.6818
1106 1.0661
1107 0.7496
1108 0.657
1109 0.9201
1110 0.8051
1111 0.9145
1112 0.5961
1113 0.6859
1114 0.7911
1115 0.9504
1116 0.7661
1117 0.6579
1118 0.9634
1119 0.8782
1120 0.9471
1121 2.1293
1122 1.5231
1123 3.0224
1124 2.5406
1125 1.3795
1126 1.0993
1127 0.9251
1128 1.0585
1129 0.7608
1130 0.7019
1131 0.7397
1132 0.9191
1133 0.9469
1134 1.0544
1135 1.0082
1136 0.7483
1137 1.3367
1138 0.7878
1139 0.7934
1140 1.8408
1141 1.4274
1142 0.9041
1143 1.4817
1144 1.7354
1145 1.3929
1146 2.6337
1147 2.7786
1148 1.4209
1149 1.5904
1150 1.1809
1151 1.8516
1152 0.8483
1153 0.8026
1154 0.7615
1155 0.6521
1156 0.6937
1157 0.7144
1158 0.709
1159 0.865
1160 0.8035
1161 1.2887
1162 1.7138
1163 1.6048
1164 2.4901
1165 3.4765
1166 1.827
1167 1.6411
1168 2.3723
1169 1.9483
1170 1.6097
1171 1.5737
1172 2.023
1173 1.9729
1174 2.2722
1175 2.42
1176 2.2776
1177 2.8121
1178 2.075
1179 2.2699
1180 1.8346
1181 2.0758
1182 2.8977
1183 2.2172
1184 1.7472
1185 1.701
1186 1.7344
1187 1.8468
1188 1.9664
1189 2.9721
1190 2.8457
1191 2.1656
1192 2.1738
1193 1.7611
1194 2.005
1195 1.5273
1196 1.8616
1197 2.2672
1198 3.2549
1199 3.2913
1200 3.1768
1201 2.388
1202 2.257
1203 2.4846
1204 1.5852
1205 1.3995
1206 1.6429
1207 1.5379
1208 1.374
1209 1.3484
1210 2.1241
1211 1.6255
1212 1.342
1213 1.4391
1214 1.2858
1215 1.2538
1216 1.0938
1217 0.9716
1218 1.1821
1219 1.4168
1220 0.9756
1221 0.9636
1222 1.2533
1223 1.2916
1224 1.141
1225 1.1469
1226 1.3051
1227 1.0779
1228 1.0822
1229 1.3034
1230 1.6379
1231 2.0053
1232 3.78
1233 0.9712
1234 0.6426
1235 0.5742
1236 0.5917
1237 0.5928
1238 0.6417
1239 0.7286
1240 0.9262
1241 0.9337
1242 1.0922
1243 1.1081
1244 1.2013
1245 0.9694
1246 0.7656
1247 0.6454
1248 0.6032
1249 0.5595
1250 0.5799
1251 0.7126
1252 0.8393
1253 0.7843
1254 0.7277
1255 0.6646
1256 0.6271
1257 0.6703
1258 0.7243
1259 0.8113
1260 0.8683
1261 0.7669
1262 0.7576
1263 0.8031
1264 0.8007
1265 0.7653
1266 0.8069
1267 0.8461
1268 0.8804
1269 0.9812
1270 1.0836
1271 1.2859
1272 1.4507
1273 2.0404
1274 3.0369
1275 1.9941
1276 1.5763
1277 1.2473
1278 1.1128
1279 0.8581
1280 0.784
1281 0.7264
1282 0.7153
1283 0.7643
1284 0.7155
1285 0.7589
1286 0.8042
1287 0.8385
1288 0.774
1289 0.7263
1290 0.7105
1291 0.7262
1292 0.6201
1293 0.6666
1294 0.7064
1295 0.7862
1296 0.8358
1297 0.7524
1298 0.7167
1299 0.6872
1300 0.9413
1301 2.095
